condition,p,interrupt,wait,perceived_politeness
0.0,0.65,1,260.95448152124527,2
0.0,0.65,1,382.623714739793,2
0.0,0.65,0,,1
0.0,0.65,1,268.82401616035264,1
0.0,0.65,1,364.79320065828074,0
0.0,0.65,0,,-1
0.0,0.65,1,361.29163914885135,-1
0.0,0.65,0,,-1
0.0,0.65,1,457.3493517163372,1
0.0,0.65,1,432.71431834504006,-3
0.0,0.65,0,,0
1.0,0.18,0,,0
1.0,0.18,0,,1
1.0,0.18,0,,-1
1.0,0.18,0,,0
1.0,0.18,0,,-1
1.0,0.18,1,584.660449071911,-1
1.0,0.18,0,,0
1.0,0.18,0,,1
1.0,0.18,0,,0
1.0,0.18,0,,-1
1.0,0.18,1,509.0023192939029,-2
1.0,0.18,0,,-2
2.0,0.38,0,,-2
2.0,0.38,0,,1
2.0,0.38,0,,0
2.0,0.38,0,,-1
2.0,0.38,1,572.23316324998,1
2.0,0.38,0,,-1
2.0,0.38,0,,0
2.0,0.38,1,500.7222161809324,2
2.0,0.38,0,,-1
2.0,0.38,1,577.9675233357138,2
2.0,0.38,1,456.87365850752263,1
