condition,interrupt,wait,perceived_politeness
0.0,1,414.8726946010007,0
0.0,1,304.11285560214446,1
0.0,0,,0
0.0,0,,0
0.0,1,246.76544588632385,-1
0.0,1,366.84636203102707,2
0.0,1,210.36150462924815,-1
0.0,1,473.79086690130106,-2
0.0,1,218.78755035601415,0
0.0,0,,1
0.0,0,,0
1.0,0,,3
1.0,1,562.7639544845821,3
1.0,0,,2
1.0,0,,2
1.0,1,580.3739340159162,3
1.0,0,,1
1.0,0,,0
1.0,0,,1
1.0,0,,3
1.0,0,,2
1.0,0,,2
1.0,1,377.5502434926976,-1
2.0,1,551.5779295072774,1
2.0,1,500.768480550427,1
2.0,0,,3
2.0,0,,1
2.0,0,,1
2.0,0,,2
2.0,0,,0
2.0,0,,0
2.0,0,,3
2.0,1,486.87068781488847,1
2.0,1,597.380536334525,1
